2820000000,2920000000,100000
18328.4
18326.5
18409.6
18485.0
18408.1
18321.5
18386.4
18338.6
18347.9
18345.2
18488.7
18451.8
18386.0
18467.8
18424.4
18324.1
18434.7
18439.3
18342.0
18353.4
18383.2
18368.1
18326.4
18326.4
18270.0
18337.8
18345.0
18289.0
18338.4
18347.6
18309.9
18296.8
18331.4
18245.5
18160.7
18226.7
18206.9
18166.1
18169.6
18096.2
18145.3
18221.1
18209.0
18251.0
18318.5
18150.7
18145.0
18119.2
18164.3
18162.1
18099.0
18196.3
18137.7
18184.4
17997.9
18081.6
18172.9
18038.4
18033.9
18039.3
18060.6
18052.0
18001.9
18159.8
18063.7
18081.9
18079.2
18073.6
18062.1
18027.9
18077.7
18094.7
18055.5
18116.4
18103.7
18069.0
18097.5
18138.9
18108.5
18138.7
18206.7
18180.3
18160.9
18201.3
18292.1
18227.4
18215.9
18207.8
18189.2
18125.3
18197.6
18193.5
18168.1
18278.9
18203.2
18308.6
18280.0
18249.7
18285.4
18260.2
18311.1
18182.5
18236.5
18367.7
18202.1
18294.6
18200.3
18269.7
18228.8
18356.8
18285.9
18333.6
18296.0
18167.6
18206.8
18225.3
18283.7
18290.7
18279.6
18295.5
18375.8
18388.4
18473.0
18448.6
18350.6
18360.3
18235.5
18359.7
18426.4
18432.8
18370.0
18424.9
18446.4
18370.3
18505.9
18496.8
18464.6
18467.1
18482.7
18396.8
18323.1
18381.0
18387.1
18345.8
18440.8
18494.7
18448.9
18378.5
18415.3
18480.6
18339.4
18401.6
18414.5
18382.2
18323.4
18316.8
18292.5
18394.8
18370.1
18327.9
18339.5
18398.0
18343.2
18419.4
18339.0
18282.4
18427.6
18335.2
18356.2
18300.5
18241.2
18304.2
18247.8
18165.9
18201.0
18233.2
18295.2
18235.1
18178.7
18249.0
18150.4
18204.4
18149.2
18209.4
18260.9
18231.2
18252.3
18190.0
18218.3
18141.0
18221.5
18202.0
18181.0
18193.6
18108.6
18193.4
18140.0
18150.6
18150.4
18178.7
18171.5
18249.6
18167.0
18201.6
18101.5
18176.7
18177.3
18233.7
18273.7
18091.6
18164.1
18212.1
18150.2
18151.4
18158.4
18136.1
18025.7
18134.8
18166.8
18129.8
18012.0
18109.2
18090.9
18135.8
18032.3
18143.1
18063.8
18094.0
17998.8
18043.9
18055.3
18055.2
18117.4
18220.2
18127.0
18081.6
18161.3
18104.1
18137.5
18154.8
18047.8
18153.7
18052.1
18080.9
18075.7
18069.4
18082.3
18085.2
18052.6
18242.5
18029.2
18159.7
18146.6
18159.9
18138.8
18112.1
18133.3
18110.9
18113.9
18146.3
18149.0
18175.6
18117.3
18132.0
18121.2
18137.0
18166.8
18149.4
18101.3
18105.5
18056.2
18065.0
18153.9
18175.2
18329.2
18371.1
18290.4
18252.0
18238.3
18184.7
18359.5
18210.4
18256.7
18208.9
18250.5
18213.4
18218.7
18176.0
18260.2
18219.1
18289.2
18296.3
18270.2
18231.5
18225.6
18295.2
18272.3
18275.0
18254.9
18210.4
18288.3
18316.8
18284.6
18274.8
18241.8
18232.3
18194.8
18231.9
18219.5
18188.5
18130.0
18199.1
18142.9
18071.5
18095.7
18051.1
18116.7
18158.0
18131.6
18110.2
18128.7
18178.6
18138.4
18141.0
18020.0
18085.9
18096.5
18038.0
18183.3
18179.6
18162.7
18174.7
18140.0
18158.1
18236.2
18144.3
18118.9
18113.7
18106.0
18085.3
18082.2
18176.8
18103.5
18151.8
18133.2
18140.0
18088.7
18118.3
18174.5
18118.0
18080.7
18096.0
18066.6
18066.3
18103.3
18083.5
18129.1
18049.3
18141.8
18030.0
18075.7
17978.9
18070.8
18078.3
17990.5
18096.4
18023.8
17974.8
17946.4
17994.1
18024.4
17946.5
17980.9
18022.3
17955.6
17915.6
17938.7
17824.7
17855.3
18001.9
17878.3
17952.5
17820.9
17910.0
17808.7
17782.7
17895.1
17810.3
17812.9
17851.0
17700.2
17828.8
17778.4
17722.0
17716.7
17684.4
17677.5
17590.2
17611.2
17584.2
17559.2
17447.4
17350.5
17472.3
17460.6
17491.0
17434.6
17401.5
17412.8
17365.3
17337.1
17337.2
17324.5
17340.0
17203.8
17322.5
17265.5
17204.2
17365.3
17329.3
17265.5
17271.4
17319.5
17245.0
17388.1
17205.9
17288.4
17291.1
17237.8
17275.3
17288.4
17331.0
17317.7
17329.9
17239.6
17239.4
17407.2
17401.8
17365.4
17451.6
17382.5
17324.5
17469.5
17476.0
17428.3
17332.7
17313.7
17425.9
17386.0
17368.3
17472.2
17467.4
17432.0
17465.3
17401.9
17506.4
17440.7
17532.0
17514.7
17648.4
17623.7
17511.5
17546.3
17568.0
17700.9
17670.5
17750.1
17726.8
17696.6
17742.6
17841.6
17784.6
17845.8
17818.0
17734.1
17822.9
17868.6
17889.3
17910.5
17905.3
17865.6
17839.4
17879.0
17846.3
17795.0
17867.6
17904.2
18023.4
17985.1
17898.8
17920.6
17850.0
17939.3
18015.4
17944.9
18001.7
17890.2
17931.0
17905.6
17892.9
18000.2
17947.6
17955.8
17934.8
17882.3
17872.1
17893.1
17930.6
17871.8
17872.2
17762.7
17804.1
17823.1
17802.2
17676.4
17780.2
17746.4
17758.0
17688.5
17667.8
17688.2
17632.2
17574.6
17622.3
17674.4
17455.4
17446.1
17437.0
17464.0
17350.0
17307.5
17374.0
17344.2
17276.1
17307.9
17266.8
17285.6
17291.1
17281.9
17236.2
17223.3
17128.6
17151.3
17149.3
17100.9
17137.1
17084.0
17120.6
17183.6
17129.9
17185.7
17171.1
17109.1
17149.6
17111.6
17253.2
17196.9
17249.0
17292.9
17237.3
17203.7
17243.2
17272.9
17281.4
17213.1
17331.6
17189.2
17348.4
17353.7
17293.5
17288.6
17306.1
17267.5
17321.2
17306.7
17237.8
17233.3
17290.9
17330.5
17315.1
17389.7
17414.4
17370.7
17432.2
17532.3
17440.7
17510.4
17536.2
17567.1
17695.1
17663.3
17680.4
17725.7
17752.5
17843.8
17777.1
17823.1
17906.3
17849.7
17911.3
17890.0
17892.5
18054.6
18022.1
17991.6
18054.9
18090.3
17998.4
18078.6
18102.0
18065.5
18062.1
18112.8
18087.8
18128.9
18092.3
18099.3
18078.2
18076.9
18135.0
18131.9
18133.1
18113.4
18153.6
18109.9
18193.4
18285.0
18184.4
18175.3
18253.7
18250.5
18212.0
18265.3
18185.0
18276.8
18258.0
18191.7
18280.9
18205.0
18206.0
18189.7
18223.6
18322.5
18287.4
18298.9
18238.8
18287.0
18265.9
18295.3
18214.3
18340.7
18292.1
18322.2
18375.1
18469.4
18406.1
18371.9
18416.7
18440.6
18339.7
18375.8
18381.4
18428.3
18340.9
18373.9
18406.0
18421.9
18448.1
18396.9
18363.4
18348.7
18454.8
18416.4
18421.7
18373.5
18351.3
18494.0
18358.5
18394.4
18434.4
18376.3
18393.5
18357.2
18367.4
18344.0
18346.5
18340.3
18264.4
18322.4
18248.3
18289.5
18304.0
18347.4
18371.1
18253.8
18269.3
18273.3
18324.0
18314.9
18285.7
18389.0
18342.6
18281.9
18218.8
18345.5
18309.4
18375.7
18372.4
18368.5
18343.1
18381.6
18411.6
18431.0
18358.4
18479.3
18445.3
18374.3
18379.9
18375.5
18345.8
18396.4
18393.1
18421.4
18375.9
18310.1
18319.5
18285.8
18369.2
18315.8
18407.4
18410.9
18423.1
18447.6
18562.3
18482.8
18490.9
18330.5
18384.7
18399.5
18345.7
18422.3
18372.3
18439.5
18353.5
18383.5
18331.8
18377.1
18317.8
18307.0
18326.9
18385.6
18291.5
18297.4
18301.5
18317.2
18269.9
18302.4
18327.2
18204.2
18335.6
18316.5
18256.0
18197.9
18170.3
18340.5
18485.4
18333.3
18468.9
18419.8
18471.2
18441.5
18487.6
18487.8
18545.8
18462.1
18444.0
18499.2
18505.7
18474.5
18461.5
18544.8
18425.9
18498.7
18513.2
18414.9
18486.8
18475.8
18471.9
18531.3
18398.7
18401.2
18432.4
18441.1
18424.7
18499.2
18397.6
18421.6
18403.9
18365.9
18552.1
18415.3
18443.8
18457.3
18357.8
18386.7
18359.6
18410.4
18374.4
18463.7
18376.8
18451.7
18305.4
18441.8
18356.0
18418.0
18377.4
18366.9
18298.2
18327.4
18270.4
18383.6
18343.8
18323.7
18275.8
18253.8
18294.1
18346.7
18268.3
18378.2
18426.2
18308.8
18332.2
18371.2
18376.8
18359.0
18337.1
18412.1
18309.3
18390.9
18321.7
18277.3
18350.7
18379.1
18361.8
18407.5
18419.4
18370.4
18309.9
18304.2
18317.0
18360.4
18376.1
18379.0
18254.5
18313.0
18317.5
18280.6
18333.3
18376.8
18361.9
18450.6
18407.4
18357.5
18349.7
18340.8
18363.4
18295.7
18332.7
18336.6
18338.8
18337.5
18333.3
18328.3
18286.2
18241.6
18345.0
18248.2
18252.1
18376.9
18337.8
18316.3
18347.8
18313.1
18360.4
18271.6
18357.0
18329.3
18360.2
18375.0
18328.5
18417.1
18272.2
18438.3
18369.9
18416.9
18447.0
18346.4
18475.3
18400.9
18399.4
18529.5
18358.2
18392.4
18372.6
18436.2
18348.5
18379.6
18393.8
18389.9
18387.4
18304.0
18344.9
18398.7
18399.3
18403.4
18367.1
18265.0
18323.5
18230.7
18270.0
18268.3
18304.0
18380.8
18267.5
18217.4
18342.1
18274.8
18318.0
18377.5
18327.9
18294.9
18271.3
18217.6
18260.6
18148.9
18274.2
18217.9
18262.0
18250.9
18336.1
18154.3
18228.7
18235.8
18171.1
18273.6
18355.7
18237.9
18240.9
18205.1
18315.4
18272.5
18158.1
18233.9
18189.7
18256.4
18224.7
18172.8
18363.8
18207.4
18209.7
18262.4
18223.0
18337.3
18285.9
18255.7
18314.1
18389.9
18381.7
18329.5
18264.9
18327.3
18276.3
18261.5
18298.8
18288.0
18232.9
18273.7
18288.7
18151.0
18294.0
18238.3
18206.0
18247.3
18191.0
18301.0
18207.5
18200.3
18216.2
18201.3
18296.9
18104.2
18023.9
18120.3
18032.6
18122.3
18115.6
18156.4
18196.4
18154.4
18178.7
18180.0
