2820000000,2920000000,100000
18231.0
18145.9
18145.8
18178.9
18153.1
18151.8
17998.6
18179.5
18161.9
18146.2
18083.1
18112.2
18229.1
18183.3
18248.1
18070.8
18146.2
18115.9
18055.1
18190.9
18131.1
18143.5
18204.9
18187.3
18277.7
18228.6
18182.6
18166.9
18160.2
18191.2
18088.9
18157.7
18102.5
18097.0
17994.1
18052.7
18032.4
17932.9
17995.7
18039.3
18030.8
18014.2
18025.7
17953.7
18085.0
17993.6
18000.4
18041.8
18010.7
18065.4
18055.5
18041.2
18069.9
18099.8
18098.1
18008.6
18093.9
17998.9
18056.5
18126.9
18015.0
18019.2
17976.0
18015.0
18098.2
17988.3
17960.6
18027.9
18027.2
18047.3
18081.5
18060.1
18005.0
18038.7
18059.7
18000.8
18011.7
18055.0
17984.3
18084.1
18019.1
18033.4
18086.1
18036.3
18063.5
17995.7
18034.0
18032.8
18002.5
18111.3
17979.9
18015.5
18088.5
18005.4
18003.2
18048.6
18002.3
17977.0
17995.8
18020.0
18081.0
18051.3
17949.1
18036.1
17941.3
18044.9
17969.8
18005.0
17999.9
17913.7
18039.9
17966.7
18044.1
18050.9
18021.8
17988.3
18051.3
17922.1
18015.5
18080.1
18027.3
18062.0
18023.2
18048.1
17995.1
18028.3
17964.5
18029.2
18043.5
18107.0
18050.7
18108.3
18097.8
18040.9
18042.9
18180.4
18109.1
18136.0
18129.2
18130.3
18081.4
18051.6
18049.7
18045.3
18005.7
18056.5
18050.7
18065.7
18025.8
18014.3
17980.3
17863.1
17936.1
17956.3
17925.7
17948.8
17937.5
18004.0
18061.8
18010.8
17987.8
18091.1
18071.2
18052.9
18117.1
18045.9
18129.1
18004.3
17949.3
18037.8
18050.6
18034.0
18039.2
18000.6
18059.9
17903.0
18000.9
18149.4
17983.9
18007.9
18090.2
18020.4
18094.5
18111.1
18041.9
18023.5
17959.8
17951.0
18037.2
17902.9
17965.0
17982.5
18015.4
17957.9
18012.3
17953.8
17955.2
17973.0
17976.5
17910.1
17926.7
18004.1
18050.2
18139.4
18022.9
18115.3
18068.1
18025.5
18085.4
18051.0
18099.7
18058.8
18133.9
18119.6
18071.9
18091.7
18086.5
18061.9
17996.2
18178.6
18073.8
18072.0
18047.0
18068.2
18048.6
17992.1
17991.3
18112.2
18077.4
18023.7
18085.1
17962.5
17957.2
18008.4
18078.5
18038.0
18063.2
17977.6
18037.9
18002.6
18080.0
18001.0
18036.5
17997.5
18033.6
17949.8
17957.2
18088.4
18102.9
18082.2
18093.4
18008.5
18074.9
18019.5
18004.5
18025.6
18029.1
18044.1
17988.5
18015.5
18032.4
18033.4
17953.1
17955.1
17948.3
17952.4
17897.9
17993.6
17912.7
17863.3
17856.4
17944.1
17775.4
17831.7
17748.3
17885.7
17925.0
17959.3
17941.5
17870.8
17868.0
17837.1
17819.1
17810.8
17990.6
17874.9
17903.4
17894.4
17915.7
17926.0
17933.2
17940.9
17910.7
17857.5
17896.1
17844.6
17832.0
17929.2
17976.3
17920.8
17788.5
17768.1
17762.5
17780.5
17730.1
17729.4
17744.3
17717.5
17795.6
17686.6
17833.7
17697.4
17752.7
17853.7
17830.4
17840.8
17740.3
17729.4
17788.0
17858.8
17871.0
17750.5
17822.4
17822.2
17802.9
17754.4
17726.0
17695.9
17796.4
17744.2
17682.4
17673.2
17678.0
17681.0
17628.5
17645.5
17622.5
17568.7
17545.4
17529.3
17478.9
17406.4
17427.7
17347.5
17404.0
17440.7
17408.6
17385.8
17263.5
17348.0
17428.6
17295.7
17350.7
17328.5
17187.3
17278.9
17201.0
17151.4
17087.6
17094.9
17124.4
17103.0
17170.6
17156.3
17174.8
17157.7
17174.4
17141.6
17072.8
17031.3
17140.3
17124.5
17229.1
17180.4
17227.4
17198.3
17085.8
17149.8
17035.4
17020.0
17080.8
17087.0
17197.0
17174.2
17163.6
17205.2
17118.5
17202.7
17207.9
17242.1
17197.6
17177.1
17265.0
17170.9
17149.6
17167.4
17320.4
17284.0
17258.6
17246.3
17300.0
17271.1
17315.9
17351.4
17366.8
17340.1
17373.1
17340.2
17447.6
17474.6
17458.0
17505.0
17509.1
17560.1
17539.6
17550.4
17646.5
17594.8
17686.3
17642.8
17632.2
17704.1
17713.8
17822.9
17775.3
17738.8
17771.3
17800.8
17844.0
17812.4
17839.4
17847.8
17823.9
17954.3
17843.8
17830.2
17886.2
17910.4
17850.0
17920.0
17887.6
17907.1
17784.5
17962.7
17918.6
17912.1
17876.7
17916.1
17856.1
17896.4
17956.1
17930.5
17918.6
17920.6
17974.4
17974.0
17966.6
17969.4
17933.0
18017.1
18011.0
17918.1
17943.2
17927.6
18031.0
17960.0
18002.7
17970.7
17848.3
17959.7
17985.6
18003.2
17906.5
17937.4
17786.2
17929.8
17891.0
17917.3
17930.3
17993.8
17946.1
17958.3
17880.5
17958.4
17909.9
17909.1
17896.6
17903.4
17903.8
17963.6
17959.1
17943.4
17946.5
17958.9
17995.5
17916.9
17954.2
17929.0
17973.4
18081.2
17990.8
17895.4
17933.1
18010.5
17952.5
17998.7
17973.1
18027.4
18057.7
17905.7
18006.2
18049.4
18021.2
18017.5
18072.7
18078.3
17968.7
18030.4
18027.5
18035.9
18051.3
18147.8
18100.0
18041.6
18099.0
18096.2
18101.0
18075.9
18045.7
18037.9
18034.3
18110.5
18097.0
18049.1
18102.5
18011.2
18054.0
17949.5
18020.5
17961.9
18044.1
18023.2
17980.2
17946.6
17897.0
17848.8
18008.6
17979.6
17994.1
17920.1
17956.2
17858.4
17919.5
17883.3
17914.5
17959.2
17918.3
17894.7
17853.5
17924.3
17856.7
17818.8
17909.5
17865.4
17877.7
17768.6
17779.2
17754.3
17735.9
17814.8
17718.0
17655.3
17704.4
17620.8
17583.8
17580.3
17643.0
17537.0
17574.5
17502.4
17435.4
17361.3
17504.3
17409.8
17424.3
17370.1
17315.1
17257.4
17265.2
17259.4
17293.7
17295.3
17297.4
17179.2
17184.6
17156.7
17259.4
17248.9
17179.1
17080.9
17075.8
17061.4
17030.9
17189.0
17136.9
17053.0
17085.5
17049.1
17074.6
17094.1
17099.2
17046.1
17033.6
17077.6
17155.1
17123.9
17093.3
17081.8
17059.9
17108.4
17095.8
17013.8
17120.3
17214.1
17135.7
17121.3
17231.8
17205.1
17166.4
17114.5
17130.7
17221.0
17288.0
17304.1
17255.9
17273.2
17311.2
17327.9
17375.7
17311.4
17462.0
17379.4
17413.7
17367.4
17503.6
17515.9
17528.8
17563.7
17538.9
17515.3
17626.8
17584.6
17609.7
17609.0
17669.0
17749.4
17753.5
17724.8
17802.5
17772.8
17766.5
17827.3
17857.0
17912.9
17853.8
17921.9
17912.8
17901.4
17982.1
17906.4
17888.5
17886.3
17970.2
17963.4
17996.2
18047.3
17947.2
17909.9
17947.6
17894.5
17901.0
17910.0
17918.5
17907.6
17964.7
17880.6
17967.4
17944.8
17911.9
18025.8
17970.5
17989.9
17920.2
17950.6
17888.0
17997.5
18031.5
17968.2
18059.5
18030.7
18108.3
18121.4
18076.3
18057.8
18117.1
18158.2
18115.1
17930.6
18090.7
18028.8
18098.8
18068.2
18072.6
18046.1
18121.8
17999.2
18141.5
18059.3
17964.7
17996.9
18032.1
17970.8
18031.0
18000.3
17980.7
18040.5
18130.5
18029.7
18105.8
18094.6
18141.5
18046.1
18098.1
18072.6
18165.6
18167.6
18154.3
18092.0
18183.3
18024.3
18134.5
18123.0
18161.5
18174.5
18102.8
18137.4
18061.7
18148.9
18105.9
18165.8
18243.6
18251.8
18198.7
18198.4
18181.8
18119.1
18175.8
18163.2
18222.3
18275.8
18179.0
18178.3
18248.4
18216.9
18235.0
18174.7
18159.1
18195.8
18146.8
18173.2
18223.0
18202.9
18292.5
18215.5
18197.5
18196.4
18192.0
18248.0
18248.7
18279.3
18236.2
18240.3
18238.3
18251.8
18267.7
18265.6
18319.0
18301.3
18326.8
18285.5
18287.8
18316.9
18320.0
18272.1
18371.7
18364.5
18338.4
18364.4
18372.3
18312.7
18341.9
18288.4
18316.2
18312.2
18304.0
18264.2
18286.4
18311.7
18381.0
18241.1
18371.5
18286.7
18301.7
18331.9
18319.0
18336.1
18411.0
18310.8
18359.9
18326.9
18242.2
18226.0
18281.4
18324.4
18240.5
18254.6
18293.3
18257.3
18335.4
18318.3
18337.9
18170.2
18174.2
18186.7
18161.4
18095.3
18190.8
18177.1
18304.6
18211.1
18209.0
18212.2
18184.5
18125.3
18144.1
18129.6
18164.8
18144.7
18059.6
18085.4
18150.3
18097.4
18064.9
18160.1
18223.1
18091.8
18073.8
18075.4
18000.1
18137.4
18080.4
18128.4
18126.0
18138.7
18151.3
18127.4
18184.8
18083.4
18075.4
18093.2
18110.1
18189.0
18294.7
18123.4
18108.7
18194.9
18176.9
18115.9
18162.2
18165.7
18132.3
18120.4
18119.1
18134.9
18215.1
18195.1
18060.1
18188.8
18192.3
18197.2
18110.8
18378.2
18187.3
18303.8
18290.9
18277.8
18295.8
18320.9
18202.5
18209.6
18296.6
18283.4
18256.2
18285.2
18236.2
18270.0
18353.2
18313.1
18183.6
18173.1
18230.6
18296.4
18245.2
18220.1
18174.0
18168.0
18211.7
18271.3
18223.3
18234.5
18313.0
18245.9
18348.6
18245.0
18242.8
18229.9
18277.8
18175.9
18287.7
18307.5
18260.8
18165.3
18322.5
18257.6
18192.1
18191.4
18258.9
18177.0
18221.9
18159.1
18250.8
18213.4
18226.9
18184.1
18216.5
18208.9
18193.0
18117.8
18243.7
18064.1
18225.7
18146.4
18179.0
18133.3
18141.9
18061.4
18168.8
18076.4
18175.8
18091.3
18199.8
18067.9
18101.9
18081.8
17988.8
18099.1
18033.0
18057.2
18044.3
18029.3
18050.5
17930.5
18073.8
18187.2
18098.7
18013.8
18045.6
18041.1
18023.2
18047.1
18042.4
18100.2
18000.0
18032.2
18048.5
18128.8
17955.1
18130.1
18050.8
18083.1
18048.3
18002.3
17981.4
17950.6
17970.6
18052.7
18014.1
17986.5
18037.6
18056.3
17985.0
