2820000000,2920000000,100000
19084.8
19048.0
19112.8
19051.8
19147.2
19136.8
19167.6
19066.3
19126.0
19119.7
19037.1
19072.7
19080.8
19088.3
19096.4
19116.7
18946.6
19064.4
19039.9
18989.2
18987.6
19095.8
19046.0
18994.3
19001.0
19075.9
18868.3
18952.2
18945.0
19013.7
19042.5
19066.6
18947.7
18941.1
18965.9
18892.9
18954.2
19114.1
19102.9
19000.2
19100.6
18978.5
19038.0
19171.7
19042.5
19051.7
19043.4
19065.9
19144.4
18998.7
18943.2
18894.4
18988.6
18967.3
19015.4
19028.7
18960.1
19006.8
18952.0
18937.8
18995.1
18894.6
18862.4
18905.5
18944.1
18830.9
18998.5
18845.0
18935.4
18850.1
18883.7
18891.4
18849.1
18847.9
18870.7
18930.6
18976.4
18990.3
18940.8
18970.7
18928.0
18865.7
18916.7
18847.4
18844.4
18897.1
18880.0
18869.3
18912.2
18849.1
18924.3
18894.9
18878.1
18794.0
18897.5
18878.0
18870.3
18857.3
18805.5
18820.6
18731.4
18863.2
18891.5
18880.5
18817.4
18776.6
18752.3
18926.9
18780.2
18874.4
18939.0
18844.7
18949.5
18833.4
18908.0
18810.1
18796.6
18807.4
18883.3
18858.6
18896.3
18839.9
18821.8
18773.5
18914.4
18733.0
18786.0
18827.4
18801.4
18744.2
18792.5
18824.0
18902.5
18825.8
18896.0
18958.1
18967.6
18911.2
19029.0
18968.1
18923.2
19035.3
18948.1
19016.7
18984.7
18962.7
19017.1
19056.7
18985.5
19051.7
19005.6
19022.6
19005.2
19028.3
19054.5
19057.4
19023.9
18996.1
19199.8
19058.3
19095.9
19093.1
19113.0
19066.4
18959.2
19042.9
19007.2
19065.8
19078.7
19096.5
19079.2
19153.0
19120.9
19052.2
19137.1
19049.3
19137.5
19097.3
19011.4
18973.2
18995.3
19115.4
19061.6
19108.6
19098.0
19018.1
19060.8
18961.1
19017.5
19034.9
18950.5
18973.2
19056.7
18973.0
18924.9
18900.1
18898.9
18960.1
18962.5
18961.1
18917.0
18917.9
18845.9
18821.0
18893.5
18901.8
18917.0
18851.3
18924.5
18876.8
18878.2
18863.7
18778.0
18808.6
18748.9
18929.4
18851.6
18887.2
18839.6
18782.7
18856.2
18752.6
18834.6
18791.7
18867.9
18829.9
18789.8
18826.9
18753.4
18839.3
18786.9
18826.0
18791.1
18842.0
18759.9
18745.3
18822.4
18871.4
18802.2
18755.3
18724.8
18643.8
18670.1
18688.8
18602.2
18666.5
18627.0
18723.6
18677.1
18655.6
18619.3
18675.9
18660.0
18742.0
18663.6
18726.7
18663.2
18604.6
18780.2
18718.3
18771.2
18841.2
18783.9
18751.9
18765.0
18846.2
18805.4
18803.5
18703.3
18717.8
18717.1
18746.2
18737.2
18744.4
18634.8
18791.8
18561.1
18653.3
18551.9
18610.1
18485.4
18555.9
18591.9
18598.3
18522.1
18569.4
18509.6
18437.7
18502.4
18492.6
18485.4
18449.8
18487.5
18429.4
18487.9
18350.8
18365.8
18244.3
18199.2
18222.9
18245.4
18138.7
18196.2
18167.6
18060.0
18052.3
18064.1
18106.0
18096.4
18003.0
18001.1
18068.0
18010.7
18091.7
18245.7
18129.4
18191.8
18076.4
18120.2
18109.8
18101.1
18093.2
18181.8
18137.4
18078.4
17962.5
18093.9
18002.2
17987.8
18034.4
18086.4
18003.9
18069.8
18062.9
18133.9
18024.4
18180.2
18170.8
18184.9
18115.8
18128.8
18170.7
18111.4
18297.7
18219.8
18215.3
18134.4
18302.2
18191.2
18197.8
18206.2
18320.1
18228.0
18356.6
18285.0
18335.9
18288.7
18330.4
18285.0
18355.7
18270.9
18450.4
18383.1
18442.9
18541.8
18536.2
18473.3
18572.2
18552.6
18629.4
18624.4
18711.6
18676.0
18722.6
18679.5
18716.8
18685.9
18797.5
18716.1
18698.2
18779.1
18733.5
18802.5
18739.9
18777.6
18851.8
18762.2
18760.8
18736.3
18816.7
18860.0
18857.7
18799.0
18700.3
18802.4
18784.3
18767.5
18828.7
18831.4
18832.6
18665.2
18772.2
18704.2
18724.2
18748.5
18783.1
18758.5
18705.7
18696.2
18661.4
18731.7
18804.3
18790.2
18811.7
18729.6
18667.7
18761.8
18659.3
18714.4
18784.2
18727.4
18754.6
18729.5
18708.9
18846.2
18842.7
18820.2
18823.4
18922.2
18976.3
18924.6
18944.3
18820.8
18918.2
18802.3
18969.0
18952.8
18869.8
18919.7
18911.2
18877.2
18877.0
18950.6
18994.6
18846.3
18908.5
18909.2
18888.2
18935.8
18947.7
18994.1
19091.7
19021.7
19105.2
19140.9
19048.6
19067.7
19074.1
19076.8
19038.1
19105.8
19130.4
19165.2
19118.4
19155.8
19080.7
19070.4
19180.4
19083.8
19153.0
19161.5
19071.1
19091.8
19024.8
19070.3
19039.2
19129.7
19136.8
19039.2
19090.1
19065.8
19037.3
19023.5
19145.0
19103.7
19104.3
18973.9
19106.6
19025.5
19098.5
19094.4
19108.1
19132.1
19069.5
19094.5
19046.8
19037.2
19150.1
19070.4
18962.7
19033.7
19001.8
19065.2
19044.4
19198.7
19041.9
19020.1
19069.3
19026.0
19132.1
18962.3
19008.5
19000.2
19063.5
19046.1
18912.9
19048.8
19034.4
19004.3
19004.3
19074.9
19001.3
18950.4
19038.7
19024.3
18987.1
19053.6
18903.5
18992.8
19071.7
19001.7
18987.7
18963.0
18994.7
18999.7
19103.1
19078.6
19126.6
19022.4
18949.3
18957.8
18944.8
19025.4
19100.5
19078.3
19051.6
19024.0
18950.6
18895.0
19029.6
18910.0
18945.8
18942.3
18887.2
18919.3
18877.4
19004.4
18969.4
18941.3
18890.0
18915.3
18932.8
18868.5
18948.2
18972.9
18958.8
19036.5
19086.7
18965.1
18963.6
18981.0
18879.5
19020.2
18989.8
18954.8
18967.5
18911.3
18934.1
18991.5
19028.1
19012.6
18951.9
18981.7
19021.7
18944.0
19053.3
18888.7
18885.2
18826.3
18938.2
18887.1
18882.4
18893.1
18864.0
18928.8
18884.9
18889.9
18765.8
18864.7
18819.1
18898.9
18974.9
18949.4
18856.5
18919.3
19089.7
18964.6
18877.3
18933.7
18794.2
18916.0
18862.9
18834.6
18917.6
18845.4
18909.1
18746.5
18777.4
18726.7
18735.5
18638.2
18670.1
18686.3
18684.6
18591.9
18531.1
18470.5
18598.5
18434.3
18440.4
18493.3
18419.7
18325.6
18422.0
18234.7
18223.2
18267.5
18241.7
18191.8
18168.8
18145.6
18185.7
18064.8
18212.8
18064.7
18164.0
18014.2
17882.7
18061.3
18004.4
17929.2
17970.9
17941.4
17919.1
17885.3
17970.6
17940.4
17871.8
17880.2
17861.1
17905.6
17858.2
17751.8
17839.2
17905.6
17820.0
17858.8
17782.8
17785.0
17854.6
17800.5
17828.3
17913.7
17826.0
17812.9
17822.0
17834.4
17839.9
17842.5
17939.0
17917.1
17945.5
17939.7
17955.1
17887.6
17945.1
17995.5
17985.0
18074.8
18091.3
18092.6
18117.2
18147.9
18155.1
18266.8
18281.3
18203.6
18295.2
18287.3
18343.6
18336.1
18344.1
18405.2
18369.9
18482.3
18505.5
18451.3
18462.4
18428.3
18672.9
18670.7
18649.8
18695.2
18704.6
18670.3
18624.8
18684.1
18769.7
18874.3
18830.3
18834.1
18969.6
18905.1
18937.3
18954.5
18907.6
18943.1
18974.5
19039.2
18998.5
19050.5
18923.7
19024.1
19045.4
19012.6
19054.2
18962.5
18981.6
19094.6
19006.6
19011.0
18996.1
18945.5
18920.2
19055.5
19030.3
18953.0
19091.1
18949.4
18957.2
19009.7
18973.4
19007.6
19015.1
19002.0
18938.2
18989.9
18970.7
19021.0
19040.7
18978.1
19011.0
19084.4
18973.8
19007.4
19102.6
18968.0
19037.9
18955.8
19049.3
18961.0
19073.1
19033.9
19045.9
19052.6
18988.5
19050.1
19093.1
19211.9
19138.8
19082.1
19072.3
19189.1
19157.1
19130.1
19173.0
19071.7
19196.9
19074.5
19105.2
19055.4
18991.5
19151.0
19221.8
19144.2
19236.4
19118.2
19260.9
19154.8
19163.6
19234.0
19257.9
19245.7
19285.7
19293.3
19217.4
19287.2
19305.3
19287.1
19243.6
19273.6
19384.6
19328.0
19247.1
19322.4
19175.1
19298.4
19167.5
19343.7
19217.1
19204.3
19203.7
19189.0
19228.7
19098.5
19137.4
19094.8
19101.6
19020.9
19065.7
19009.8
19085.6
19081.1
18997.1
19027.9
19034.7
19070.0
19134.9
19037.1
19026.7
18996.5
19032.3
19081.3
19039.3
19018.0
18959.6
19048.2
18972.4
18999.7
19063.1
19053.5
19074.1
19106.9
19033.5
19081.6
19167.3
19071.2
19120.1
19090.4
19154.5
19145.5
19158.4
19068.5
19250.6
19014.2
19099.4
19083.9
19138.4
19165.7
19194.6
19173.9
19216.0
19148.0
19266.5
19091.9
19207.3
19148.2
19217.1
19258.2
19170.9
19133.5
19181.0
19195.6
19140.7
19272.7
19200.7
19294.3
19192.1
19207.9
19114.5
19187.8
19241.0
19238.2
19221.7
19267.0
19239.4
19145.2
19127.4
19138.8
19320.7
19238.0
19266.3
19261.8
19267.1
19226.3
19132.0
19224.7
19236.7
19227.9
19165.6
19262.4
19193.3
19254.4
19078.8
19272.6
19103.8
19217.3
19225.1
19207.0
19182.4
19159.8
19194.3
19244.6
19190.3
19172.2
19136.0
19175.7
19238.7
19121.3
19145.8
19160.5
19170.3
19149.4
19169.8
19204.7
19135.5
19141.1
19206.2
19211.5
19352.7
19258.0
19273.7
19216.4
19177.5
19178.1
19239.8
19273.2
19245.2
19192.2
19266.9
19194.0
19250.0
19211.9
19252.9
19269.7
19195.2
19273.1
19263.2
19432.3
19292.3
19188.7
19277.1
19313.3
19196.9
19316.5
19248.3
19230.1
19155.8
19160.6
19170.3
19180.8
19152.4
19186.3
19125.5
19196.6
19158.9
19137.6
19039.2
19161.2
19100.7
19120.4
19087.6
19126.2
19067.0
19045.9
19132.8
19142.0
19129.5
19129.2
19148.4
19070.6
19075.7
19163.8
19203.0
19173.7
19159.0
19162.5
19101.1
19183.3
19187.8
19216.0
