2820000000,2920000000,100000
21497.8
21541.8
21473.1
21378.4
21391.8
21332.4
21385.2
21395.8
21371.5
21394.8
21484.4
21508.1
21395.3
21312.3
21327.1
21440.3
21477.6
21396.1
21392.5
21459.7
21486.4
21528.6
21434.5
21432.7
21448.7
21429.0
21390.1
21439.6
21398.1
21465.9
21422.0
21422.5
21493.1
21439.0
21445.5
21439.9
21472.5
21600.1
21626.1
21545.2
21444.4
21435.1
21601.4
21481.7
21448.1
21519.7
21493.3
21446.8
21420.8
21459.6
21422.3
21450.3
21515.5
21422.2
21432.3
21385.9
21339.4
21362.7
21397.6
21303.4
21360.4
21424.9
21363.7
21344.2
21297.1
21321.3
21317.8
21311.5
21349.0
21379.9
21331.9
21310.1
21374.7
21340.5
21245.6
21318.2
21394.0
21265.8
21302.4
21349.9
21394.5
21339.6
21297.3
21345.1
21344.0
21346.3
21317.9
21329.4
21385.3
21346.3
21299.3
21419.8
21397.1
21322.1
21418.7
21363.8
21501.2
21448.3
21491.1
21563.4
21524.1
21508.0
21559.9
21507.1
21468.0
21444.3
21522.9
21634.5
21549.7
21646.8
21579.1
21536.2
21525.8
21561.8
21629.4
21544.3
21433.7
21438.8
21509.6
21515.8
21523.6
21560.6
21358.1
21397.3
21349.4
21395.9
21468.7
21431.6
21506.2
21324.2
21513.1
21409.6
21332.7
21504.0
21403.3
21417.8
21466.7
21404.9
21301.0
21352.9
21397.2
21394.8
21488.8
21430.8
21472.0
21390.9
21462.1
21485.2
21469.5
21385.5
21490.7
21449.7
21490.6
21462.4
21565.8
21546.8
21556.4
21561.0
21567.6
21575.9
21565.0
21513.9
21521.5
21574.5
21605.2
21555.4
21597.8
21562.8
21476.7
21576.7
21564.0
21582.4
21499.5
21580.2
21564.4
21571.1
21551.5
21538.6
21510.4
21540.3
21459.5
21486.9
21412.1
21412.4
21436.2
21388.5
21396.0
21475.4
21369.2
21329.1
21332.7
21391.9
21437.1
21416.3
21347.7
21438.2
21483.1
21470.5
21493.7
21450.6
21507.7
21493.9
21518.0
21543.7
21506.2
21593.1
21467.3
21510.2
21425.5
21330.6
21463.8
21381.2
21409.2
21432.3
21447.4
21375.6
21478.0
21404.1
21361.0
21296.3
21267.1
21366.6
21387.2
21288.4
21332.5
21325.7
21130.4
21136.9
21120.3
21066.3
21105.6
21083.1
21092.2
21058.4
20981.5
20954.9
21045.1
20801.8
20822.2
20811.8
20865.2
20827.2
20682.9
20676.6
20628.7
20524.9
20720.1
20544.8
20563.7
20433.9
20439.8
20475.7
20515.4
20395.2
20350.5
20356.6
20451.3
20452.0
20419.3
20452.7
20459.4
20354.9
20410.4
20406.0
20349.1
20429.8
20391.1
20456.9
20309.8
20315.7
20395.1
20321.5
20275.1
20371.3
20445.3
20307.2
20173.0
20359.1
20337.3
20343.8
20328.0
20375.3
20342.3
20196.5
20374.1
20351.2
20408.4
20444.9
20433.1
20401.2
20455.8
20520.2
20457.1
20522.5
20487.9
20500.8
20431.9
20414.6
20506.4
20554.5
20505.6
20541.8
20532.2
20576.9
20604.5
20654.8
20697.7
20666.4
20700.3
20753.9
20713.9
20746.9
20772.2
20796.7
20888.2
20903.9
20871.3
20914.1
20976.1
21053.3
20965.1
20994.7
21047.4
20999.1
21033.1
21106.6
21075.1
21082.5
21081.8
21096.5
21119.9
21202.0
21073.7
21165.6
21111.8
21141.6
21194.1
21145.1
21213.2
21135.9
21153.6
21200.2
21231.1
21139.9
21284.9
21298.1
21224.1
21276.8
21330.2
21317.3
21318.5
21307.3
21296.7
21294.9
21312.8
21348.8
21383.2
21435.2
21266.1
21329.5
21438.0
21372.4
21473.6
21361.2
21398.3
21338.8
21277.2
21278.6
21372.4
21490.1
21482.7
21403.0
21367.0
21433.3
21369.1
21384.7
21525.4
21563.7
21498.2
21502.4
21543.0
21492.6
21506.1
21516.8
21433.5
21562.8
21483.5
21461.9
21439.2
21561.8
21569.6
21487.9
21528.8
21528.3
21492.0
21487.5
21577.2
21459.0
21340.2
21412.1
21425.2
21393.6
21612.6
21516.6
21539.9
21528.5
21450.3
21329.8
21436.0
21375.0
21441.4
21454.5
21485.2
21511.2
21581.5
21447.5
21438.7
21481.8
21466.2
21594.4
21426.4
21452.7
21417.7
21464.6
21502.2
21453.2
21595.4
21575.6
21537.8
21495.1
21503.6
21522.4
21519.2
21445.8
21564.8
21452.4
21414.5
21448.5
21397.3
21472.9
21445.7
21431.8
21392.7
21400.0
21501.7
21417.7
21527.5
21428.3
21417.1
21382.2
21439.2
21540.2
21465.8
21469.9
21549.4
21503.7
21539.0
21553.0
21592.7
21586.3
21542.0
21516.7
21556.1
21586.0
21618.3
21559.2
21486.0
21600.3
21660.6
21623.3
21570.4
21516.8
21582.4
21547.8
21619.6
21682.0
21705.8
21668.2
21705.9
21595.8
21583.5
21631.8
21523.4
21574.0
21737.1
21679.8
21601.8
21756.8
21606.9
21710.2
21661.7
21650.5
21563.8
21661.3
21753.6
21713.8
21716.8
21700.4
21790.3
21672.5
21640.8
21659.7
21729.5
21760.2
21762.1
21701.6
21696.3
21670.5
21704.7
21631.5
21668.8
21663.5
21691.6
21599.7
21573.9
21648.9
21626.1
21633.8
21602.6
21652.4
21564.0
21695.0
21698.9
21708.6
21601.4
21683.8
21564.4
21602.3
21583.4
21731.0
21621.6
21595.8
21509.8
21594.3
21618.9
21573.2
21678.3
21508.8
21611.6
21541.8
21591.0
21577.0
21586.7
21562.5
21557.3
21611.6
21576.2
21612.2
21668.4
21577.5
21760.8
21586.5
21562.0
21571.4
21585.9
21672.5
21614.7
21686.6
21656.3
21667.0
21687.4
21627.3
21627.4
21665.0
21613.1
21640.3
21687.5
21573.5
21596.6
21731.7
21694.3
21748.9
21727.0
21579.1
21679.5
21664.9
21796.7
21703.0
21813.0
21693.1
21651.4
21602.2
21653.2
21613.6
21487.3
21721.1
21634.7
21593.6
21617.6
21657.4
21709.8
21680.3
21675.9
21635.0
21645.0
21718.4
21726.3
21677.6
21640.8
21628.0
21694.2
21693.6
21685.1
21657.3
21663.0
21675.7
21643.5
21644.0
21574.3
21508.1
21626.5
21603.1
21602.5
21640.6
21637.1
21544.7
21560.4
21448.5
21708.1
21588.7
21546.3
21537.0
21533.7
21575.7
21510.8
21477.0
21644.6
21520.8
21605.3
21506.5
21568.8
21508.4
21490.3
21510.8
21521.7
21612.5
21562.7
21487.5
21509.5
21432.8
21551.1
21542.9
21510.5
21378.7
21479.0
21440.0
21408.1
21349.5
21427.9
21433.8
21361.4
21337.3
21360.9
21403.3
21339.0
21332.8
21364.9
21266.5
21260.2
21278.4
21315.3
21256.6
21327.1
21290.6
21179.0
21179.5
21250.5
21190.3
21212.0
21129.5
21252.4
21211.6
21158.4
21094.2
21101.0
21050.9
21078.3
21083.9
20966.2
20968.6
20971.6
20835.6
20940.9
20807.2
20822.8
20725.4
20592.3
20657.4
20612.7
20697.9
20609.0
20536.0
20526.9
20549.0
20469.4
20407.1
20328.6
20299.9
20288.6
20224.5
20266.0
20286.2
20255.0
20280.4
20225.1
20253.9
20252.2
20210.8
20308.3
20051.3
20175.6
20121.2
20108.6
20139.2
20160.2
20119.4
20114.2
20185.6
20133.9
20139.4
20024.9
20106.9
20132.4
20154.5
20174.7
20198.1
20227.2
20246.1
20187.1
20313.7
20186.3
20224.3
20195.7
20239.6
20282.2
20339.4
20352.4
20339.9
20335.2
20283.0
20292.7
20363.5
20292.4
20306.4
20454.6
20386.0
20456.6
20501.0
20469.0
20471.8
20488.1
20620.0
20526.8
20599.6
20585.0
20654.5
20664.9
20717.2
20756.4
20708.9
20812.6
20800.9
20853.6
20825.8
20814.8
20907.1
20861.2
20851.9
20927.2
21007.4
21005.4
21024.0
20990.6
21039.6
21009.9
21075.9
21046.9
21173.7
21160.3
21176.8
21287.6
21291.4
21269.8
21289.8
21268.5
21228.6
21320.7
21310.9
21357.2
21419.9
21347.4
21349.7
21325.4
21485.3
21438.5
21521.7
21491.7
21508.7
21476.4
21490.8
21604.8
21571.0
21588.6
21544.5
21495.1
21627.6
21594.9
21616.6
21374.8
21480.4
21498.0
21570.7
21550.7
21709.1
21640.1
21594.8
21612.2
21621.0
21585.7
21650.2
21594.8
21605.0
21632.1
21602.4
21558.7
21542.2
21605.4
21570.8
21654.9
21621.3
21573.7
21597.1
21642.4
21489.9
21563.6
21657.0
21619.8
21592.0
21510.3
21574.5
21504.8
21437.5
21444.3
21437.1
21507.8
21561.0
21512.6
21597.3
21611.0
21513.4
21638.2
21528.8
21652.7
21576.9
21546.7
21516.5
21677.2
21642.1
21616.8
21528.9
21489.3
21561.5
21489.3
21549.2
21722.2
21575.0
21585.6
21535.6
21693.1
21650.7
21563.1
21684.5
21730.0
21745.5
21668.9
21730.3
21727.6
21604.5
21704.5
21680.7
21729.1
21704.4
21747.6
21624.1
21540.1
21604.9
21623.7
21642.2
21692.6
21766.0
21696.0
21574.3
21655.6
21844.9
21637.1
21745.4
21738.7
21755.5
21618.5
21622.0
21599.6
21610.3
21706.0
21628.2
21599.2
21669.7
21704.7
21666.0
21671.0
21597.7
21479.1
21678.4
21590.2
21615.6
21588.1
21574.8
21593.7
21585.1
21646.3
21733.2
21646.1
21624.6
21540.7
21598.3
21600.3
21505.4
21575.4
21538.3
21548.8
21515.9
21514.2
21448.4
21530.0
21501.6
21466.4
21557.6
21429.3
21474.6
21592.6
21506.7
21419.6
21436.3
21487.7
21603.3
21554.4
21642.4
21589.4
21638.6
21601.4
21631.9
21600.7
21630.3
21634.7
21529.8
21590.7
21710.5
21646.3
21753.6
21631.5
21614.1
21705.1
21732.8
21763.0
21640.1
21654.5
21766.9
21721.3
21679.5
21738.6
21760.4
21709.1
21748.2
21687.6
21714.8
21697.6
21732.0
21719.3
21675.0
21812.8
21624.7
21758.8
21675.4
21595.0
21625.0
21658.1
21723.1
21622.8
21663.8
21664.5
21689.2
21643.1
21670.1
21597.0
21620.8
21637.7
21577.5
21561.4
21578.6
21558.5
21727.8
21663.6
