2820000000,2920000000,100000
18250.1
18219.4
18290.3
18208.2
18168.5
18223.7
18210.0
18139.2
18133.8
18093.6
18111.4
18235.6
18133.0
18238.3
18073.5
18086.0
18132.7
18152.7
18180.9
18243.9
18217.4
18243.0
18292.7
18298.5
18217.3
18305.8
18254.4
18246.6
18235.2
18230.2
18191.8
18267.4
18186.9
18207.2
18248.2
18292.0
18216.6
18265.1
18332.9
18248.2
18336.9
18283.4
18220.8
18331.7
18271.6
18235.4
18171.4
18251.5
18168.0
18245.3
18205.8
18201.4
18241.4
18203.9
18196.6
18157.7
18185.2
18174.0
18147.5
18116.3
18126.8
18073.4
18066.1
18049.2
18118.1
18098.4
18083.2
18167.8
18092.4
18148.8
18106.8
18058.4
18070.8
17991.1
18125.9
18027.0
17979.5
18112.4
18080.2
18031.1
17966.4
17937.1
18109.0
18124.8
18206.5
18149.9
18186.0
18105.9
18081.6
18133.2
18160.7
18172.3
18057.8
18100.8
18152.5
18061.7
18144.4
18084.3
18064.2
18100.7
18060.5
17971.4
17910.6
18015.2
17953.7
17937.4
18056.6
17926.5
17969.7
17965.3
18045.2
18021.4
17901.9
17937.8
17887.6
17961.1
18001.0
17966.6
17950.4
17926.5
18021.1
18032.0
18050.6
17997.4
17832.6
18007.4
18084.2
18012.2
18080.0
18084.5
18092.5
18001.5
18016.0
18060.7
18011.2
17974.7
17989.6
18025.1
17988.7
18040.2
17957.8
17988.7
17949.9
17980.5
17980.2
17951.0
17972.1
17951.0
17984.9
18113.4
18053.3
18058.1
18014.9
18092.7
18003.7
18021.7
18013.3
18006.4
18046.3
18074.1
18080.4
18050.4
18020.0
18076.2
18110.7
18131.5
18108.4
18078.1
18072.6
18086.5
18140.2
18064.4
18071.1
18083.6
18021.0
18048.9
18037.6
18072.2
18115.9
18069.7
18067.0
18118.7
18135.5
18083.8
18103.1
18110.3
18089.1
18097.2
18054.0
18110.4
18123.3
18152.9
18000.5
18105.6
18049.2
18044.1
18112.1
18068.1
18142.1
18123.8
18095.9
18086.9
18019.3
17998.6
18042.4
18097.5
18154.0
18111.8
18117.5
18169.1
18094.5
18111.0
18120.4
18138.4
18195.3
18095.1
18181.5
18204.1
18178.7
18083.9
18052.2
18201.4
18210.3
18194.4
18110.6
18056.6
18082.9
18106.6
18158.1
18180.6
18126.7
18164.0
18060.3
18110.4
18190.5
18101.7
18177.7
18199.2
18154.7
18192.9
18131.9
18171.5
18055.8
18183.3
18127.2
18078.8
18185.5
17976.8
18031.5
18033.0
18032.9
18040.7
18089.1
18139.4
18048.4
18022.5
18018.3
18004.2
18133.8
18097.3
18123.3
18120.7
18056.5
18092.4
18144.1
18129.5
18063.0
17984.5
18044.9
18048.8
18151.1
18136.2
18100.3
18077.5
18131.4
18051.2
18050.4
18105.1
18093.5
18173.5
18068.6
18050.7
18035.9
18049.6
18002.3
18060.3
18014.7
18073.2
18079.0
18044.3
18056.1
18079.9
18015.3
18078.1
18032.5
18004.6
17979.1
18020.5
17979.5
17946.3
17973.0
17958.6
17946.0
17991.8
18040.3
18090.8
18037.5
17970.6
18115.3
18067.7
18096.7
18133.3
18076.4
18007.8
18000.8
18153.0
18107.2
18078.2
18156.2
18035.7
17949.8
17989.5
18042.4
18053.3
18058.1
18092.3
18001.6
17980.6
17909.2
17970.9
17901.5
17916.5
17953.3
17996.6
17848.3
17902.2
17899.8
17897.4
17954.5
17938.9
17917.1
18019.1
17954.7
18047.0
18028.1
18006.0
17943.4
17917.4
17902.7
17999.6
18018.9
17932.5
18014.3
18094.1
18065.1
17971.2
17929.5
17963.4
18077.4
17995.3
18076.1
18024.3
18049.8
18050.2
18015.2
18037.0
18010.3
18036.5
18018.1
18007.9
18053.9
18050.6
18072.9
18010.5
18044.6
18064.0
18076.2
18130.1
18088.1
18168.0
18108.5
18195.1
18096.0
18039.5
18154.9
18099.0
18102.7
18083.5
18049.7
18202.2
18138.5
18181.6
18129.2
18038.4
18035.8
18061.4
17971.1
17958.2
17943.5
18040.7
17918.1
18056.4
17995.5
17963.6
17926.6
17955.1
17851.1
17878.1
17991.8
17835.4
17789.1
17853.2
17767.5
17768.1
17705.7
17747.9
17794.2
17738.0
17768.9
17806.6
17735.8
17697.3
17758.6
17677.7
17668.2
17704.5
17560.5
17645.2
17638.4
17603.2
17617.0
17630.2
17670.7
17569.5
17617.0
17637.9
17631.3
17524.3
17449.8
17546.3
17554.6
17469.1
17547.2
17407.6
17430.7
17425.8
17401.9
17361.6
17410.6
17347.0
17337.0
17272.4
17252.6
17264.0
17157.2
17225.8
17156.7
17089.2
17087.8
17017.4
17003.3
16933.2
16832.0
16953.3
16866.9
16853.2
16764.3
16670.7
16853.6
16744.0
16736.8
16779.7
16637.0
16680.9
16677.6
16673.6
16646.1
16775.3
16740.7
16729.2
16834.4
16826.4
16846.3
16912.6
16857.3
16898.6
16945.3
16841.1
16895.2
16872.5
16935.4
17001.5
16938.5
16947.3
16907.4
16821.0
16802.8
16912.5
16856.4
16852.1
16939.3
16839.4
16805.9
16751.0
16792.0
16616.2
16659.6
16693.5
16755.8
16693.7
16745.2
16713.7
16708.3
16668.3
16707.7
16616.6
16640.0
16641.6
16782.9
16680.4
16828.1
16711.6
16791.5
16723.7
16781.0
16749.9
16870.9
16835.6
16886.2
16967.2
17049.7
16983.9
17108.2
17078.1
17162.9
17209.2
17233.2
17257.4
17310.9
17267.1
17380.1
17262.1
17417.7
17380.0
17438.3
17500.0
17597.8
17585.9
17619.7
17628.3
17609.6
17613.9
17642.5
17627.7
17760.5
17746.3
17812.8
17778.0
17801.3
17772.7
17799.2
17738.1
17842.4
17842.3
17820.2
17875.2
17942.7
17849.4
17980.8
18011.7
17981.6
17979.4
18058.3
18147.8
18083.2
18072.7
18099.5
18053.2
18016.4
17971.4
18065.8
18039.7
18064.2
18161.9
18091.3
18108.8
18019.1
18225.6
18093.3
18094.8
18182.0
18175.3
18163.8
18069.8
18139.5
18174.8
18173.9
18151.7
18197.9
18277.3
18217.2
18240.0
18219.8
18191.3
18161.9
18252.9
18258.7
18247.1
18288.7
18261.1
18258.3
18279.4
18305.2
18268.2
18317.8
18364.6
18370.3
18322.7
18374.9
18420.9
18379.0
18366.6
18250.7
18277.2
18318.0
18413.3
18370.4
18389.4
18382.1
18340.7
18314.2
18310.5
18289.2
18414.0
18315.6
18402.6
18334.4
18444.4
18387.4
18384.2
18353.5
18314.5
18382.3
18272.2
18267.3
18332.2
18412.7
18405.9
18408.4
18433.7
18392.5
18441.2
18398.4
18481.0
18410.2
18376.5
18453.1
18437.6
18479.7
18457.7
18317.8
18404.1
18428.9
18450.7
18455.6
18463.1
18376.8
18448.2
18427.8
18488.6
18460.2
18478.5
18457.5
18463.1
18518.6
18492.9
18427.3
18385.3
18430.8
18386.5
18409.5
18426.5
18500.6
18399.1
18441.2
18406.2
18525.4
18419.9
18416.1
18406.2
18496.3
18391.2
18385.8
18454.8
18391.4
18384.5
18372.6
18414.3
18378.5
18392.0
18449.0
18425.7
18394.1
18429.8
18413.2
18449.5
18321.1
18334.4
18383.8
18363.0
18432.4
18352.4
18508.1
18510.8
18446.1
18443.7
18414.3
18399.9
18428.5
18378.7
18437.6
18397.4
18398.8
18332.0
18310.9
18356.8
18390.3
18339.3
18371.7
18395.1
18435.4
18375.7
18357.4
18385.4
18363.7
18318.5
18335.7
18406.3
18372.4
18432.8
18384.6
18426.8
18434.9
18313.0
18313.3
18343.5
18449.2
18394.3
18325.0
18409.1
18366.5
18371.2
18433.7
18424.3
18526.5
18505.5
18389.5
18452.0
18547.6
18524.7
18599.1
18537.1
18562.9
18495.7
18603.3
18527.2
18514.3
18481.8
18592.6
18452.5
18444.2
18462.3
18437.1
18457.8
18522.1
18501.1
18466.9
18401.5
18433.3
18533.1
18463.8
18441.3
18424.8
18467.1
18445.0
18426.2
18393.6
18423.1
18385.0
18477.7
18377.2
18451.2
18265.1
18358.1
18343.8
18292.1
18412.1
18298.7
18241.0
18272.4
18242.8
18255.3
18225.6
18269.9
18280.0
18253.7
18215.2
18152.9
18278.9
18291.1
18323.4
18182.7
18207.2
18176.5
18228.5
18230.9
18241.9
18292.0
18260.3
18211.4
18236.4
18148.1
18263.5
18244.0
18245.7
18225.4
18253.7
18215.0
18182.6
18216.9
18290.0
18192.9
18243.7
18142.5
18184.5
18227.8
18177.4
18171.5
18210.2
18192.0
18094.4
18168.6
18215.5
18193.2
18180.2
18168.2
18095.2
18136.1
18269.2
18198.8
18270.2
18253.5
18198.6
18312.4
18216.3
18240.4
18247.6
18312.1
18303.8
18161.4
18225.2
18270.1
18252.3
18254.0
18329.8
18258.9
18338.6
18298.8
18350.9
18302.7
18379.9
18351.2
18338.7
18341.8
18338.9
18296.2
18397.1
18338.8
18321.9
18352.7
18331.0
18376.1
18362.1
18392.9
18368.1
18337.7
18357.4
18405.0
18458.4
18407.5
18453.9
18281.1
18453.2
18391.9
18355.4
18304.2
18405.2
18326.6
18340.8
18320.0
18385.9
18394.1
18351.7
18354.8
18389.1
18384.5
18366.2
18388.2
18302.6
18384.0
18369.6
18441.5
18378.8
18259.0
18333.3
18353.9
18380.9
18311.9
18421.0
18317.6
18297.9
18279.9
18229.6
18234.4
18223.2
18293.7
18245.7
18202.9
18213.7
18159.4
18216.6
18164.0
18218.4
18171.1
18228.7
18196.8
18217.4
18250.0
18238.5
18198.7
18252.0
18243.7
18143.5
18212.3
18331.3
18234.4
18278.2
18275.6
18305.2
18291.5
18306.4
18314.4
18297.8
18319.1
18314.7
18280.3
18355.3
18280.6
18280.3
18351.5
18366.9
18381.7
18353.0
18365.8
18379.9
18413.8
18368.0
18406.0
18432.9
18389.9
18354.5
18342.6
18404.1
18337.7
18305.5
18234.6
18224.4
18340.3
18263.0
18340.5
18262.0
18285.1
18217.6
18256.1
18241.0
18354.6
18339.5
18331.3
18259.8
18320.6
18322.8
18299.5
18328.1
18320.1
18226.4
18198.3
18217.5
18152.5
18201.4
18183.7
18237.5
